3,2
3,1
3,3
10,163
10,75
10,123
10,277
10,5
10,239
10,97
10,23
8,17
8,7
8,2
8,3
29,5
29,1
27,13
27,12
27,11
27,10
27,9
27,8
27,7
27,6
27,5
27,4
27,3
27,1
20,3
20,2
20,1
19,3
19,2
19,1
12,3
12,2
12,1
11,29
11,28
11,27
11,26
11,25
11,24
11,23
11,22
11,21
11,20
11,19
11,18
11,17
11,16
11,15
11,14
11,13
11,12
11,11
11,10
11,9
11,8
11,6
11,5
11,4
11,3
11,2
11,1
10,313
10,312
10,311
10,310
10,309
10,308
10,307
10,306
10,305
10,304
10,303
10,302
18,1
10,301
18,3
14,1
14,3
13,1
13,3
10,300
10,299
10,298
10,297
10,287
10,281
10,280
2,2
2,1
2,3
10,267
10,250
10,244
10,230
10,225
10,223
10,215
10,201
10,199
10,193
10,189
10,177
10,120
10,98
10,95
10,67
10,33
10,29
10,24
10,10
10,3
10,2
